window.COLLISION = {"mr": {"a": "Argentina", "b": "Portugal", "a_label": "Messi", "b_label": "Ronaldo", "a_iso": "ar", "b_iso": "pt", "p": 17.8, "by_round": {"R32": 0.7, "R16": 2.3, "QF": 13.4, "SF": 0.4, "Final": 1.0}, "likely": "QF"}, "courses": [{"a": "Spain", "b": "Argentina", "a_iso": "es", "b_iso": "ar", "ca": "#d4122a", "cb": "#6cabdd", "p": 36.1, "likely": "R32"}, {"a": "Brazil", "b": "Netherlands", "a_iso": "br", "b_iso": "nl", "ca": "#0a8f3c", "cb": "#e8731c", "p": 34.1, "likely": "R32"}, {"a": "France", "b": "Germany", "a_iso": "fr", "b_iso": "de", "ca": "#1e4fc4", "cb": "#2b2b2b", "p": 33.1, "likely": "R16"}, {"a": "England", "b": "Portugal", "a_iso": "gb-eng", "b_iso": "pt", "ca": "#0a1f5c", "cb": "#7c1c2c", "p": 20.4, "likely": "R32"}, {"a": "Argentina", "b": "Portugal", "a_iso": "ar", "b_iso": "pt", "ca": "#6cabdd", "cb": "#7c1c2c", "p": 17.8, "likely": "QF"}, {"a": "France", "b": "Brazil", "a_iso": "fr", "b_iso": "br", "ca": "#1e4fc4", "cb": "#0a8f3c", "p": 17.1, "likely": "R16"}, {"a": "Spain", "b": "Portugal", "a_iso": "es", "b_iso": "pt", "ca": "#d4122a", "cb": "#7c1c2c", "p": 16.5, "likely": "R16"}], "matrix": {"teams": [{"team": "Spain", "iso": "es"}, {"team": "France", "iso": "fr"}, {"team": "England", "iso": "gb-eng"}, {"team": "Argentina", "iso": "ar"}, {"team": "Portugal", "iso": "pt"}, {"team": "Germany", "iso": "de"}, {"team": "Brazil", "iso": "br"}, {"team": "Netherlands", "iso": "nl"}, {"team": "Norway", "iso": "no"}, {"team": "Belgium", "iso": "be"}, {"team": "Morocco", "iso": "ma"}, {"team": "Colombia", "iso": "co"}], "p": [[0.0, 12.3, 16.1, 36.1, 16.5, 7.6, 5.4, 5.6, 5.2, 14.0, 3.2, 14.8], [12.3, 0.0, 12.7, 7.6, 7.6, 33.1, 17.1, 13.8, 2.5, 8.1, 13.9, 3.6], [16.1, 12.7, 0.0, 11.9, 20.4, 7.3, 12.1, 8.2, 11.0, 4.1, 8.5, 23.1], [36.1, 7.6, 11.9, 0.0, 17.8, 4.8, 4.7, 3.9, 4.0, 13.2, 2.5, 8.3], [16.5, 7.6, 20.4, 17.8, 0.0, 5.9, 4.2, 4.5, 6.0, 6.2, 2.3, 1.0], [7.6, 33.1, 7.3, 4.8, 5.9, 0.0, 11.9, 9.2, 19.8, 5.1, 9.8, 2.8], [5.4, 17.1, 12.1, 4.7, 4.2, 11.9, 0.0, 34.1, 11.1, 1.8, 2.0, 2.0], [5.6, 13.8, 8.2, 3.9, 4.5, 9.2, 34.1, 0.0, 7.8, 2.8, 30.3, 2.2], [5.2, 2.5, 11.0, 4.0, 6.0, 19.8, 11.1, 7.8, 0.0, 6.6, 8.1, 2.9], [14.0, 8.1, 4.1, 13.2, 6.2, 5.1, 1.8, 2.8, 6.6, 0.0, 1.1, 3.5], [3.2, 13.9, 8.5, 2.5, 2.3, 9.8, 2.0, 30.3, 8.1, 1.1, 0.0, 1.3], [14.8, 3.6, 23.1, 8.3, 1.0, 2.8, 2.0, 2.2, 2.9, 3.5, 1.3, 0.0]], "round": [["", "SF", "R16", "R32", "R16", "SF", "SF", "SF", "SF", "QF", "SF", "R16"], ["SF", "", "QF", "SF", "SF", "R16", "R16", "QF", "Final", "R32", "QF", "SF"], ["R16", "QF", "", "SF", "R32", "QF", "QF", "QF", "QF", "QF", "QF", "R32"], ["R32", "SF", "SF", "", "QF", "SF", "SF", "SF", "SF", "R16", "SF", "QF"], ["R16", "SF", "R32", "QF", "", "R16", "SF", "SF", "R32", "QF", "SF", "Final"], ["SF", "R16", "QF", "SF", "R16", "", "R16", "QF", "R32", "SF", "R16", "SF"], ["SF", "R16", "QF", "SF", "SF", "R16", "", "R32", "R16", "SF", "QF", "SF"], ["SF", "QF", "QF", "SF", "SF", "QF", "R32", "", "R16", "SF", "R32", "SF"], ["SF", "Final", "QF", "SF", "R32", "R32", "R16", "R16", "", "R32", "R16", "R32"], ["QF", "R32", "QF", "R16", "QF", "SF", "SF", "SF", "R32", "", "SF", "QF"], ["SF", "QF", "QF", "SF", "SF", "R16", "QF", "R32", "R16", "SF", "", "SF"], ["R16", "SF", "R32", "QF", "Final", "SF", "SF", "SF", "R32", "QF", "SF", ""]]}, "n": 200000};
