window.COLLISION = {"mr": {"a": "Argentina", "b": "Portugal", "a_label": "Messi", "b_label": "Ronaldo", "a_iso": "ar", "b_iso": "pt", "p": 17.9, "by_round": {"R32": 0.5, "R16": 2.7, "QF": 13.2, "SF": 0.4, "Final": 1.1}, "likely": "QF"}, "courses": [{"a": "France", "b": "Germany", "a_iso": "fr", "b_iso": "de", "ca": "#1e4fc4", "cb": "#2b2b2b", "p": 40.7, "likely": "R16"}, {"a": "Spain", "b": "Argentina", "a_iso": "es", "b_iso": "ar", "ca": "#d4122a", "cb": "#6cabdd", "p": 36.0, "likely": "R32"}, {"a": "Brazil", "b": "Netherlands", "a_iso": "br", "b_iso": "nl", "ca": "#0a8f3c", "cb": "#e8731c", "p": 33.2, "likely": "R32"}, {"a": "Spain", "b": "Portugal", "a_iso": "es", "b_iso": "pt", "ca": "#d4122a", "cb": "#7c1c2c", "p": 18.7, "likely": "R16"}, {"a": "England", "b": "Brazil", "a_iso": "gb-eng", "b_iso": "br", "ca": "#0a1f5c", "cb": "#0a8f3c", "p": 18.5, "likely": "QF"}, {"a": "Argentina", "b": "Portugal", "a_iso": "ar", "b_iso": "pt", "ca": "#6cabdd", "cb": "#7c1c2c", "p": 17.9, "likely": "QF"}, {"a": "France", "b": "Brazil", "a_iso": "fr", "b_iso": "br", "ca": "#1e4fc4", "cb": "#0a8f3c", "p": 17.4, "likely": "R16"}], "matrix": {"teams": [{"team": "Spain", "iso": "es"}, {"team": "France", "iso": "fr"}, {"team": "England", "iso": "gb-eng"}, {"team": "Argentina", "iso": "ar"}, {"team": "Portugal", "iso": "pt"}, {"team": "Germany", "iso": "de"}, {"team": "Brazil", "iso": "br"}, {"team": "Netherlands", "iso": "nl"}, {"team": "Norway", "iso": "no"}, {"team": "Morocco", "iso": "ma"}, {"team": "Belgium", "iso": "be"}, {"team": "Colombia", "iso": "co"}], "p": [[0.0, 12.3, 10.8, 36.0, 18.7, 8.8, 5.0, 6.6, 5.2, 3.4, 14.7, 18.1], [12.3, 0.0, 15.0, 7.5, 7.5, 40.7, 17.4, 15.4, 2.5, 11.7, 8.7, 4.0], [10.8, 15.0, 0.0, 12.7, 16.5, 4.7, 18.5, 4.8, 14.1, 7.2, 2.9, 17.2], [36.0, 7.5, 12.7, 0.0, 17.9, 4.1, 5.2, 3.1, 3.8, 2.3, 14.0, 10.4], [18.7, 7.5, 16.5, 17.9, 0.0, 4.8, 4.6, 3.0, 5.5, 2.2, 6.5, 1.0], [8.8, 40.7, 4.7, 4.1, 4.8, 0.0, 9.7, 14.0, 15.7, 7.7, 4.7, 2.7], [5.0, 17.4, 18.5, 5.2, 4.6, 9.7, 0.0, 33.2, 13.2, 1.2, 1.7, 2.4], [6.6, 15.4, 4.8, 3.1, 3.0, 14.0, 33.2, 0.0, 6.0, 58.0, 2.3, 1.6], [5.2, 2.5, 14.1, 3.8, 5.5, 15.7, 13.2, 6.0, 0.0, 7.4, 7.6, 3.3], [3.4, 11.7, 7.2, 2.3, 2.2, 7.7, 1.2, 58.0, 7.4, 0.0, 1.2, 1.2], [14.7, 8.7, 2.9, 14.0, 6.5, 4.7, 1.7, 2.3, 7.6, 1.2, 0.0, 4.4], [18.1, 4.0, 17.2, 10.4, 1.0, 2.7, 2.4, 1.6, 3.3, 1.2, 4.4, 0.0]], "round": [["", "SF", "Final", "R32", "R16", "SF", "SF", "SF", "QF", "SF", "QF", "R16"], ["SF", "", "QF", "SF", "SF", "R16", "R16", "QF", "Final", "QF", "R32", "SF"], ["Final", "QF", "", "SF", "R32", "Final", "QF", "QF", "QF", "QF", "SF", "R32"], ["R32", "SF", "SF", "", "QF", "Final", "SF", "SF", "SF", "SF", "R16", "QF"], ["R16", "SF", "R32", "QF", "", "SF", "SF", "SF", "SF", "SF", "QF", "Final"], ["SF", "R16", "Final", "Final", "SF", "", "QF", "QF", "R16", "QF", "SF", "SF"], ["SF", "R16", "QF", "SF", "SF", "QF", "", "R32", "R16", "QF", "SF", "SF"], ["SF", "QF", "QF", "SF", "SF", "QF", "R32", "", "QF", "R32", "SF", "SF"], ["QF", "Final", "QF", "SF", "SF", "R16", "R16", "QF", "", "R16", "R32", "R32"], ["SF", "QF", "QF", "SF", "SF", "QF", "QF", "R32", "R16", "", "SF", "SF"], ["QF", "R32", "SF", "R16", "QF", "SF", "SF", "SF", "R32", "SF", "", "QF"], ["R16", "SF", "R32", "QF", "Final", "SF", "SF", "SF", "R32", "SF", "QF", ""]]}, "n": 200000};
